0:
5649	68:3e:34:2e:b1:bc	-47	1480683777.2	0
5653	68:3e:34:2e:b1:bc	-75	1480683778	3
5645	68:3e:34:2e:b1:bc	-49	1480683783.79	1
5661	68:3e:34:2e:b1:bc	-73	1480683866.44	2

5664	68:3e:34:2e:b1:bc	-55	1480683891.4	0
5692	68:3e:34:2e:b1:bc	-49	1480683917.27	1
5688	68:3e:34:2e:b1:bc	-77	1480683949.82	2

5681	68:3e:34:2e:b1:bc	-77	1480683956.92	3
5698	68:3e:34:2e:b1:bc	-51	1480683957.03	0
5713	68:3e:34:2e:b1:bc	-77	1480684026.97	2
5707	68:3e:34:2e:b1:bc	-57	1480684072.16	1

5738	68:3e:34:2e:b1:bc	-77	1480684128.87	2
5729	68:3e:34:2e:b1:bc	-63	1480684139.13	1
5744	68:3e:34:2e:b1:bc	-47	1480684184.75	0
5755	68:3e:34:2e:b1:bc	-63	1480684195.93	1

1:
5754	68:3e:34:2e:b1:bc	-75	1480684256.52	3
5758	68:3e:34:2e:b1:bc	-63	1480684258.03	2
5777	68:3e:34:2e:b1:bc	-71	1480684328.88	2
5771	68:3e:34:2e:b1:bc	-41	1480684352.01	1

5782	68:3e:34:2e:b1:bc	-69	1480684379.26	0
5803	68:3e:34:2e:b1:bc	-71	1480684388.44	3
5799	68:3e:34:2e:b1:bc	-69	1480684434.36	2
5788	68:3e:34:2e:b1:bc	-43	1480684445.54	1

5816	68:3e:34:2e:b1:bc	-55	1480684521.54	2
5812	68:3e:34:2e:b1:bc	-53	1480684545.42	1

5836	68:3e:34:2e:b1:bc	-61	1480684635.26	2
5830	68:3e:34:2e:b1:bc	-57	1480684636.27	1
5839	68:3e:34:2e:b1:bc	-67	1480684658.05	3
5849	68:3e:34:2e:b1:bc	-79	1480684665.95	0
5852	68:3e:34:2e:b1:bc	-53	1480684673.01	1

2:
5863	68:3e:34:2e:b1:bc	-55	1480684743.81	3
5857	68:3e:34:2e:b1:bc	-51	1480684753.52	2
5875	68:3e:34:2e:b1:bc	-77	1480684755.88	0
5881	68:3e:34:2e:b1:bc	-71	1480684817.39	1
5886	68:3e:34:2e:b1:bc	-49	1480684835.5	2

5897	68:3e:34:2e:b1:bc	-67	1480684903.91	1
5912	68:3e:34:2e:b1:bc	-53	1480684922.65	3
5901	68:3e:34:2e:b1:bc	-41	1480684922.92	2
5915	68:3e:34:2e:b1:bc	-73	1480684949.87	0

5928	68:3e:34:2e:b1:bc	-39	1480684973.34	2
5941	68:3e:34:2e:b1:bc	-73	1480684982.34	0
5921	68:3e:34:2e:b1:bc	-73	1480685004.85	1
5946	68:3e:34:2e:b1:bc	-73	1480685120.1	1
5972	68:3e:34:2e:b1:bc	-47	1480685134.44	3

5979	68:3e:34:2e:b1:bc	-69	1480685183.91	1
5987	68:3e:34:2e:b1:bc	-57	1480685245.97	3
6004	68:3e:34:2e:b1:bc	-51	1480685285.21	2
5996	68:3e:34:2e:b1:bc	-73	1480685306.78	1

3:
6020	68:3e:34:2e:b1:bc	-51	1480685344.62	3
6034	68:3e:34:2e:b1:bc	-51	1480685354.25	2
6027	68:3e:34:2e:b1:bc	-75	1480685387.36	1
6046	68:3e:34:2e:b1:bc	-45	1480685428.72	3

6052	68:3e:34:2e:b1:bc	-79	1480685483.63	1
6058	68:3e:34:2e:b1:bc	-71	1480685500.98	2
6065	68:3e:34:2e:b1:bc	-45	1480685529.55	3
6078	68:3e:34:2e:b1:bc	-59	1480685592.85	2

6071	68:3e:34:2e:b1:bc	-75	1480685603.7	1
6089	68:3e:34:2e:b1:bc	-43	1480685650.3	3
6103	68:3e:34:2e:b1:bc	-71	1480685697.68	2
6098	68:3e:34:2e:b1:bc	-77	1480685713.09	1
6117	68:3e:34:2e:b1:bc	-43	1480685723.96	3

6109	68:3e:34:2e:b1:bc	-77	1480685731.34	0
6127	68:3e:34:2e:b1:bc	-77	1480685780.64	1
6129	68:3e:34:2e:b1:bc	-71	1480685800.95	2
6133	68:3e:34:2e:b1:bc	-79	1480685819.56	0
6046	68:3e:34:2e:b1:bc	-45	1480685428.72	3
6139	68:3e:34:2e:b1:bc	-77	1480685885.96	1
6148	68:3e:34:2e:b1:bc	-73	1480685914.05	2
6156	68:3e:34:2e:b1:bc	-81	1480685943.1	0
6161	68:3e:34:2e:b1:bc	-81	1480685965.14	1
6166	68:3e:34:2e:b1:bc	-69	1480685982.63	2

